Test Case	Status	Run Time (ms)	Memory Usage (bytes)	Error Message
0	Fail 🔴	7.408857345581055	2933	Process timed out and was terminated
1	Fail 🔴	7.464885711669922	2933	Process timed out and was terminated
2	Fail 🔴	6.983280181884766	2933	Process timed out and was terminated
3	Fail 🔴	8.005142211914062	2933	Process timed out and was terminated
4	Fail 🔴	6.8950653076171875	2933	Process timed out and was terminated
